3805708056119697931
8254570254769889147
4408975132623504081
148084638517423330
241575148638211373
5450149741582443877
4646106614081054076
6441916249227414378
7319276772564135830
3754018638600474871
3726477318459807170
694099313588605089
4646777846649292218
8227697818958662323
18041795805829013
8952376812951361193
7526142366326028958
2519456234678493914
5271715121203446825
932998659899485441
2687474053035626042
9211829238844378553
8327826369021188923
4515885040301825318
499857948673697569
1324572503769558449
5405240705303850779
4889155768775697476
2791834353699801522
3670759732860350891
7281057694241783605
4547666297163138900
7199012190660962528
341888040448668081
7024677568113360359
5473814818742454281
232944534037428753
6593775607896999967
5966485761087210727
9221974968525097607
40025667126184286
7718311370876635227
6169510333422433126
5066464415261070738
3031085382770375306
7725996696657716079
651944245893139097
1280267309373559823
7595350930635596337
8360153864464705515
2727320371578188505
85906220072616948
6835665567252413349
7838264957586934638
6908244135149283259
5969554055091288716
4927865740572697775
